       A        B        C        D        E        F        G        H        I        J        K        L        M        N        O        P        Q        R        S        T        U        V        W        X        Y        Z        
A     0.0    24.28    35.85    17.14    24.42    33.79    24.3    38.15    35.99    42.6    33.75    24.33    37.47    48.84    50.5    42.65    34.77    24.35    29.79    33.8    48.65    52.65    52.51    44.37    24.38    24.37    
B     24.28    0.0    11.57    26.5    19.22    9.51    0.02    13.87    31.89    18.32    9.47    0.05    13.19    38.07    26.22    18.37    10.49    0.07    5.51    9.52    24.37    28.37    28.23    20.09    0.1    0.09    
C     35.85    11.57    0.0    38.07    30.79    21.08    11.59    14.71    43.46    29.89    21.04    11.62    24.76    49.64    37.79    29.94    22.06    11.64    17.08    21.09    35.94    39.94    39.8    31.66    11.67    11.66    
D     17.14    26.5    38.07    0.0    7.28    16.99    26.48    40.33    18.85    25.88    17.03    26.45    39.59    31.7    33.78    25.93    30.36    26.47    31.91    17.08    33.08    47.22    50.5    42.36    26.5    26.49    
E     24.42    19.22    30.79    7.28    0.0    9.71    19.2    33.05    26.13    18.6    9.75    19.17    32.31    38.35    26.5    18.65    23.08    19.19    24.63    9.8    25.8    39.94    43.22    35.08    19.22    19.21    
F     33.79    9.51    21.08    16.99    9.71    0.0    9.49    23.34    22.46    8.89    0.04    9.46    22.6    28.64    16.79    8.94    13.37    9.48    14.92    0.09    16.09    30.23    33.51    25.37    9.51    9.5    
G     24.3    0.02    11.59    26.48    19.2    9.49    0.0    13.85    31.87    18.3    9.45    0.03    13.17    38.05    26.2    18.35    10.47    0.05    5.49    9.5    24.35    28.35    28.21    20.07    0.08    0.07    
H     38.15    13.87    14.71    40.33    33.05    23.34    13.85    0.0    45.72    32.15    23.3    13.88    13.42    51.9    40.05    32.2    24.32    13.9    19.34    23.35    38.2    42.2    42.06    33.92    13.93    13.92    
I     35.99    31.89    43.46    18.85    26.13    22.46    31.87    45.72    0.0    13.57    22.42    31.84    44.98    12.85    24.7    31.32    35.75    31.86    37.3    22.47    38.47    52.61    55.89    47.75    31.89    31.88    
J     42.6    18.32    29.89    25.88    18.6    8.89    18.3    32.15    13.57    0.0    8.85    18.27    31.41    26.42    25.6    17.75    22.18    18.29    23.73    8.9    24.9    39.04    42.32    34.18    18.32    18.31    
K     33.75    9.47    21.04    17.03    9.75    0.04    9.45    23.3    22.42    8.85    0.0    9.42    22.56    28.6    16.75    8.9    13.33    9.44    14.88    0.05    16.05    30.19    33.47    25.33    9.47    9.46    
L     24.33    0.05    11.62    26.45    19.17    9.46    0.03    13.88    31.84    18.27    9.42    0.0    13.14    38.02    26.17    18.32    10.44    0.02    5.46    9.47    24.32    28.32    28.18    20.04    0.05    0.04    
M     37.47    13.19    24.76    39.59    32.31    22.6    13.17    13.42    44.98    31.41    22.56    13.14    0.0    51.16    39.31    31.46    23.58    13.16    18.6    22.61    37.46    41.46    41.32    33.18    13.19    13.18    
N     48.84    38.07    49.64    31.7    38.35    28.64    38.05    51.9    12.85    26.42    28.6    38.02    51.16    0.0    11.85    19.7    28.55    38.04    35.83    28.55    30.42    44.56    47.84    39.7    38.07    38.06    
O     50.5    26.22    37.79    33.78    26.5    16.79    26.2    40.05    24.7    25.6    16.75    26.17    39.31    11.85    0.0    7.85    16.7    26.19    23.98    16.7    18.57    32.71    35.99    27.85    26.22    26.21    
P     42.65    18.37    29.94    25.93    18.65    8.94    18.35    32.2    31.32    17.75    8.9    18.32    31.46    19.7    7.85    0.0    8.85    18.34    16.13    8.85    24.85    38.99    42.27    34.13    18.37    18.36    
Q     34.77    10.49    22.06    30.36    23.08    13.37    10.47    24.32    35.75    22.18    13.33    10.44    23.58    28.55    16.7    8.85    0.0    10.42    7.28    13.28    29.28    38.72    38.58    30.44    10.45    10.44    
R     24.35    0.07    11.64    26.47    19.19    9.48    0.05    13.9    31.86    18.29    9.44    0.02    13.16    38.04    26.19    18.34    10.42    0.0    5.44    9.49    24.3    28.3    28.16    20.02    0.03    0.02    
S     29.79    5.51    17.08    31.91    24.63    14.92    5.49    19.34    37.3    23.73    14.88    5.46    18.6    35.83    23.98    16.13    7.28    5.44    0.0    14.93    29.7    33.7    33.56    25.42    5.43    5.42    
T     33.8    9.52    21.09    17.08    9.8    0.09    9.5    23.35    22.47    8.9    0.05    9.47    22.61    28.55    16.7    8.85    13.28    9.49    14.93    0.0    16.0    30.14    33.42    25.28    9.52    9.51    
U     48.65    24.37    35.94    33.08    25.8    16.09    24.35    38.2    38.47    24.9    16.05    24.32    37.46    30.42    18.57    24.85    29.28    24.3    29.7    16.0    0.0    14.14    17.42    9.28    24.29    24.28    
V     52.65    28.37    39.94    47.22    39.94    30.23    28.35    42.2    52.61    39.04    30.19    28.32    41.46    44.56    32.71    38.99    38.72    28.3    33.7    30.14    14.14    0.0    15.71    8.28    28.27    28.28    
W     52.51    28.23    39.8    50.5    43.22    33.51    28.21    42.06    55.89    42.32    33.47    28.18    41.32    47.84    35.99    42.27    38.58    28.16    33.56    33.42    17.42    15.71    0.0    8.14    28.13    28.14    
X     44.37    20.09    31.66    42.36    35.08    25.37    20.07    33.92    47.75    34.18    25.33    20.04    33.18    39.7    27.85    34.13    30.44    20.02    25.42    25.28    9.28    8.28    8.14    0.0    19.99    20.0    
Y     24.38    0.1    11.67    26.5    19.22    9.51    0.08    13.93    31.89    18.32    9.47    0.05    13.19    38.07    26.22    18.37    10.45    0.03    5.43    9.52    24.29    28.27    28.13    19.99    0.0    0.01    
Z     24.37    0.09    11.66    26.49    19.21    9.5    0.07    13.92    31.88    18.31    9.46    0.04    13.18    38.06    26.21    18.36    10.44    0.02    5.42    9.51    24.28    28.28    28.14    20.0    0.01    0.0    


Path from A to W with distance 52.51km:(or min for bus)A-->B-->G-->L-->R-->Z-->Y-->X-->W 
Path from B to W with distance 28.23km:(or min for bus)B-->G-->L-->R-->Z-->Y-->X-->W 
Path from C to W with distance 39.8km:(or min for bus)C-->B-->G-->L-->R-->Z-->Y-->X-->W 
Path from D to W with distance 50.5km:(or min for bus)D-->E-->F-->K-->T-->U-->X-->W 
Path from E to W with distance 43.22km:(or min for bus)E-->F-->K-->T-->U-->X-->W 
Path from F to W with distance 33.51km:(or min for bus)F-->K-->T-->U-->X-->W 
Path from G to W with distance 28.21km:(or min for bus)G-->L-->R-->Z-->Y-->X-->W 
Path from H to W with distance 42.06km:(or min for bus)H-->G-->L-->R-->Z-->Y-->X-->W 
Path from I to W with distance 55.89km:(or min for bus)I-->J-->K-->T-->U-->X-->W 
Path from J to W with distance 42.32km:(or min for bus)J-->K-->T-->U-->X-->W 
Path from K to W with distance 33.47km:(or min for bus)K-->T-->U-->X-->W 
Path from L to W with distance 28.18km:(or min for bus)L-->R-->Z-->Y-->X-->W 
Path from M to W with distance 41.32km:(or min for bus)M-->L-->R-->Z-->Y-->X-->W 
Path from N to W with distance 47.84km:(or min for bus)N-->O-->U-->X-->W 
Path from O to W with distance 35.99km:(or min for bus)O-->U-->X-->W 
Path from P to W with distance 42.27km:(or min for bus)P-->T-->U-->X-->W 
Path from Q to W with distance 38.58km:(or min for bus)Q-->R-->Z-->Y-->X-->W 
Path from R to W with distance 28.16km:(or min for bus)R-->Z-->Y-->X-->W 
Path from S to W with distance 33.56km:(or min for bus)S-->Z-->Y-->X-->W 
Path from T to W with distance 33.42km:(or min for bus)T-->U-->X-->W 
Path from U to W with distance 17.42km:(or min for bus)U-->X-->W 
Path from V to W with distance 15.71km:(or min for bus)V-->W 
Path from W to W with distance 0.0km:(or min for bus)W-->
Path from X to W with distance 8.14km:(or min for bus)X-->W 
Path from Y to W with distance 28.13km:(or min for bus)Y-->X-->W 
Path from Z to W with distance 28.14km:(or min for bus)Z-->Y-->X-->W 
